Year,Exports of goods and services (% of GDP),Exports of goods and services (annual % growth)
1962,22.72327588,11.40443506
1963,22.08741883,28.95057549
1964,24.41937538,-10.28037383
1965,22.56331818,2.200374532
1966,24.78080519,21.70178653
1967,24.88184845,7.452714783
1968,27.76639998,30.76451528
1969,26.59628974,9.884811144
1970,27.835084,14.47464651
1971,26.79417235,7.794282063
1972,30.22712335,17.35071863
1973,30.79981077,7.731481481
1974,33.14315574,8.379888267
1975,30.06200701,-1.9717396
1976,28.90895548,5.420113989
1977,30.86891026,8.155150167
1978,28.18118938,9.939691034
1979,26.92283179,3.259115848
1980,26.47788286,-4.343750006
1981,43.26835646,11.11936087
1982,45.0838985,-5.457704124
1983,36.03724268,-1.311734939
1984,34.38199531,11.27502936
1985,30.72320202,-3.992791868
1986,31.34099253,3.627929426
1987,31.63231452,20.94858592
1988,34.0243173,7.370087506
1989,34.85115542,16.0735634
1990,34.19026834,7.901467687
1991,33.40610643,8.902605873
1992,35.28175224,17.06782029
1993,36.03722388,8.094809545
1994,35.88465867,3.941271885
1995,38.1292145,11.01838603
1996,40.01199302,6.256558123
1997,41.60906831,8.69545785
1998,43.96284105,14.45886576
1999,42.55786576,5.118522428
2000,42.93032217,2.240459978
2001,40.5085725,1.702018284
2002,39.22453521,2.680096879
2003,40.67171292,5.671028647
2004,42.20765346,10.38334176
2005,43.46452236,6.011897539
2006,43.31403511,8.04149726
2007,40.58213751,7.522935853
2008,38.80646065,2.172059316
2009,34.63230503,-8.461752653
2010,32.82941135,9.32745251
2011,32.47247088,7.048104151
2012,31.65131734,5.564272466
2013,30.59164936,3.311533498
2014,31.36291528,4.96433605
2015,29.99565786,2.888311942
2016,31.2600963,9.417271898
2017,32.76268315,6.954924489
2018,33.73851078,4.890960796
2019,34.32532156,4.261470046
2020,31.90649766,-10.63285632
2021,36.17635703,15.93392165
2022,42.40519611,18.5008765
2023,38.91563204,9.959313934
2024,38.53179405,5.770044789
